Codigo	Stream	Aquaculture	Month	Ponto	Ae_pl 	An_sp	Ap_al	Ap_ca 	Ap_af	Ap_pi	Ap_vl	As_bo	As_fa	As_la	As_pa	Br_co 	Br_ex	Br_ih	Br_tu	Ca_ca	Ca_da	Ce_go	Ce_ih	Ch_go	Ch_ze	Co_ae	Co_re	Cr_br	Cy_mo	Ei_tr	Er_er	Fa_ha	Ga_gu	Ge_ip	Gy_in	Gy_pa	Gy_sy	Ho_mb	Ho_mi	Ho_sp	Hy_an	Hy_sp	Hy_sp2	Hy_ti	Im_mi	Im_sc	Le_fr	Lo_pl	Mo_au	Mo_bo	Mo_gr	Mo_sa	Ol_pa	Ol_pi	Or_ni	Ot_po	Pa_na	Ph_ha	Ph_te	Pi_ar	Pi_av	Pi_gr	Pi_st	Po_re	Pr_li	Py_au	Rh_qu	Ri_la	Se_no	St_br	St_in	St_ma	Sy_ma	Ta_ne 
APA1D17	16_Janeiro	Moderate	Dezembro	Cabeceira	0	0	0	0	0	0	0	0	120	5286	0	0	0	0	0	0	0	0	0	0	0	20994	0	0	0	0	0	0	0	0	120	487	0	0	0	0	241	0	0	0	0	0	0	0	0	0	0	0	0	0	262	0	0	0	0	0	0	0	0	0	0	0	1768	0	0	0	0	0	0	0
APA2D17	16_Janeiro	Moderate	Dezembro	Meio	0	0	0	0	0	51	51	0	993	2192	0	0	51	0	1134	0	0	0	51	0	51	253	0	0	0	0	0	0	0	0	192	0	0	0	0	0	810	0	0	0	0	101	0	0	0	0	0	0	0	0	156	0	0	0	0	0	152	0	0	0	0	0	1174	0	0	0	0	0	0	0
APA3D17	16_Janeiro	Moderate	Dezembro	Foz	46	0	0	0	0	46	46	0	141	1038	46	0	637	0	523	0	0	0	0	0	46	579	0	0	46	0	0	0	0	0	92	184	0	46	0	0	92	0	0	0	0	46	46	0	0	0	0	0	0	0	0	0	0	46	0	0	3552	0	0	0	0	0	46	0	0	0	0	0	0	0
APA1M18	16_Janeiro	Moderate	Marco	Cabeceira	0	0	0	0	0	0	0	0	0	4764	0	0	0	0	0	0	0	0	0	0	0	25096	0	0	0	0	0	0	0	0	2402	3203	0	213	0	0	5205	0	0	0	0	0	0	0	0	0	0	0	0	0	0	0	0	0	0	0	0	0	0	0	0	0	4171	0	0	0	0	0	213	0
APA2M18	16_Janeiro	Moderate	Marco	Meio	0	0	0	0	0	923	44	0	672	2279	0	0	358	0	1432	0	0	0	133	0	193	223	0	0	0	0	0	0	0	0	992	44	0	44	0	0	133	0	0	0	0	168	0	0	0	0	0	0	0	0	259	0	89	0	0	0	425	0	0	0	0	0	222	0	0	0	44	0	44	0
APA3M18	16_Janeiro	Moderate	Marco	Foz	40	0	0	0	0	0	0	0	40	1631	0	0	263	0	1794	0	0	0	0	0	0	40	0	80	0	0	40	0	0	0	734	0	0	0	0	0	40	0	0	0	0	0	0	0	40	0	0	0	0	0	0	0	88	0	0	0	571	0	0	0	0	0	40	0	0	40	0	0	0	0
APA1J18	16_Janeiro	Moderate	Junho	Cabeceira	0	0	0	0	0	0	0	0	0	205	0	0	0	0	0	0	0	0	0	0	0	3375	0	0	0	0	0	0	0	0	822	1204	0	0	0	0	779	0	0	0	0	0	0	0	0	0	0	0	0	0	0	0	0	0	0	0	0	0	0	0	0	0	1558	0	0	0	0	0	0	0
APA2J18	16_Janeiro	Moderate	Junho	Meio	0	0	0	0	0	93	46	0	686	3840	388	0	143	0	2458	0	0	0	353	0	0	93	0	0	0	0	0	0	0	0	969	93	0	0	0	0	188	0	0	0	0	46	0	0	0	0	0	0	0	0	331	0	0	0	0	0	1647	0	0	0	0	0	2399	0	0	0	0	0	0	0
APA3J18	16_Janeiro	Moderate	Junho	Foz	0	0	0	0	0	82	0	0	0	624	0	0	164	0	1117	0	0	0	0	0	0	448	0	312	0	0	123	0	0	0	468	206	0	41	0	0	156	0	0	0	0	41	0	0	0	0	0	0	0	0	82	0	0	0	0	0	364	0	0	0	0	0	206	0	0	0	0	0	0	0
APA1S18	16_Janeiro	Moderate	Setembro	Cabeceira	0	0	0	0	0	0	0	0	0	551	0	0	0	0	0	0	0	0	0	0	0	15197	0	0	0	0	0	0	0	0	0	551	0	0	0	0	5066	0	0	0	0	0	0	0	0	0	0	0	0	0	0	0	0	0	0	0	0	0	0	0	0	0	2207	0	0	0	0	0	0	0
APA2S18	16_Janeiro	Moderate	Setembro	Meio	0	0	0	0	0	0	0	0	208	796	48	0	0	0	2758	0	0	0	0	0	0	1103	0	0	0	0	0	0	0	0	0	48	0	0	48	0	48	0	0	0	0	0	0	0	0	0	0	0	0	0	639	0	144	0	0	0	181	0	0	0	0	0	398	0	0	0	0	0	0	0
APA3S18	16_Janeiro	Moderate	Setembro	Foz	83	0	0	0	0	0	0	0	0	1475	0	0	0	0	3378	41	0	0	0	0	41	1843	0	166	0	0	181	0	0	0	1475	41	0	41	0	0	41	0	0	0	41	125	83	0	41	0	0	0	0	0	0	0	0	41	0	0	8637	0	0	0	0	0	83	0	0	0	0	0	0	0
BAI1D17	Baiano	Moderate	Dezembro	Cabeceira	0	0	0	0	0	111	0	0	509	0	51	0	0	0	0	0	0	0	51	0	51	0	0	0	0	0	0	0	0	0	206	51	51	0	0	0	484	0	51	102	0	102	0	0	0	0	0	0	0	0	0	0	0	0	0	0	0	0	0	0	0	0	51	0	0	0	0	0	1453	0
BAI2D17	Baiano	Moderate	Dezembro	Meio	0	0	0	0	0	0	0	0	2364	61	245	0	0	0	0	0	0	0	0	0	0	0	0	0	0	0	0	0	0	0	184	0	61	0	0	0	306	0	319	61	0	122	0	0	0	0	0	0	0	0	0	0	0	0	0	0	0	0	0	0	0	0	122	0	0	0	0	0	61	0
BAI3D17	Baiano	Moderate	Dezembro	Foz	37	0	0	37	0	0	0	0	0	192	0	0	37	37	74	0	0	37	0	0	0	0	0	0	0	0	0	0	0	0	139	37	0	0	0	0	37	0	0	0	0	0	0	0	0	0	0	0	0	0	74	0	0	0	80	37	0	0	0	0	0	0	0	0	184	0	0	0	37	0
BAI1M18	Baiano	Moderate	Marco	Cabeceira	0	0	0	0	0	0	0	0	47	94	0	0	0	0	0	0	0	0	0	0	0	47	0	0	0	0	0	0	0	0	10553	0	0	0	0	0	3618	0	206	0	0	1055	0	0	0	0	0	0	0	0	0	0	0	0	0	0	0	0	47	0	0	0	142	0	0	0	0	0	6181	0
BAI2M18	Baiano	Moderate	Marco	Meio	0	0	0	0	0	38	0	0	77	0	0	0	0	0	0	0	0	0	0	0	0	0	0	0	0	0	0	0	0	0	1182	38	0	0	0	0	146	0	0	0	0	154	0	0	0	0	0	0	0	0	0	0	0	0	0	0	0	0	0	0	0	0	38	0	0	0	0	0	225	0
BAI3M18	Baiano	Moderate	Marco	Foz	0	0	0	0	0	46	0	0	0	46	0	0	46	0	139	0	0	0	0	0	46	0	0	0	0	0	0	0	0	0	46	0	0	0	0	0	175	0	0	0	0	93	0	0	0	0	0	0	0	0	0	0	0	0	46	0	0	0	0	0	0	0	0	0	0	0	0	0	0	0
BAI1J18	Baiano	Moderate	Junho	Cabeceira	49	0	0	0	0	49	0	0	98	49	0	0	49	575	0	0	0	0	0	0	0	0	0	0	0	0	0	0	0	0	468	0	0	0	0	0	49	0	107	0	0	98	0	0	0	0	0	0	0	0	0	0	0	0	0	0	0	0	0	0	0	0	98	0	0	0	0	0	1150	0
BAI2J18	Baiano	Moderate	Junho	Meio	0	0	0	0	0	37	0	0	37	110	0	0	0	37	0	0	0	0	0	0	0	0	0	0	0	0	0	0	0	0	192	0	37	0	0	0	110	0	0	0	0	0	0	0	0	0	0	0	0	0	0	0	0	0	0	37	0	0	184	0	0	0	74	0	0	0	0	0	0	0
BAI3J18	Baiano	Moderate	Junho	Foz	0	0	0	0	0	0	0	0	0	166	0	0	41	0	82	0	0	0	41	0	41	0	0	0	0	0	0	0	0	0	41	0	0	0	0	0	82	0	0	0	0	0	0	0	0	0	0	0	0	0	0	0	0	0	90	0	0	0	0	0	0	0	0	0	0	0	0	0	0	0
BAI1S18	Baiano	Moderate	Setembro	Cabeceira	108	0	0	0	0	0	0	0	449	247	431	49	0	0	0	0	0	0	49	0	0	375	0	0	0	0	0	0	0	0	697	99	152	0	0	0	1724	0	216	148	0	323	0	0	0	0	0	0	0	0	0	0	99	0	0	0	0	0	49	0	0	0	187	0	0	0	0	0	3845	0
BAI2S18	Baiano	Moderate	Setembro	Meio	0	0	0	0	0	0	0	0	0	75	221	0	0	0	0	0	0	0	0	0	0	0	0	0	0	0	0	0	0	0	0	0	38	0	0	0	113	0	0	0	0	75	0	0	0	0	0	0	0	0	38	0	0	0	0	0	0	0	0	0	0	0	0	0	38	0	0	0	38	0
BAI3S18	Baiano	Moderate	Setembro	Foz	0	0	0	0	0	0	0	0	37	188	0	0	37	0	226	0	0	0	0	0	0	37	0	0	0	0	37	0	0	0	112	0	0	0	0	0	0	0	0	0	0	0	0	0	0	0	0	0	0	0	75	0	0	0	112	0	0	0	75	0	0	0	0	0	0	0	0	0	37	0
BRA1D17	Antas	Moderate	Dezembro	Cabeceira	54	0	0	0	0	0	0	0	0	0	207	0	0	0	0	0	273	0	0	0	0	0	0	0	0	0	0	0	0	0	1075	0	164	0	0	0	965	0	0	0	0	0	0	0	0	0	0	0	0	0	0	0	0	482	0	0	0	0	0	0	0	0	594	0	0	0	0	0	54	0
BRA2D17	Antas	Moderate	Dezembro	Meio	311	0	0	0	0	0	0	0	0	0	1562	0	0	0	0	0	39	0	0	0	147	0	0	0	0	0	0	0	0	0	886	0	1082	39	0	0	1279	0	0	0	0	0	0	0	0	0	0	0	0	0	0	0	0	78	0	0	0	0	0	0	0	0	736	0	0	0	0	0	0	0
BRA3D17	Antas	Moderate	Dezembro	Foz	0	0	0	0	0	0	0	0	0	0	50	0	0	0	0	0	512	0	0	0	341	0	0	0	0	0	0	0	0	0	0	0	0	0	0	0	398	0	0	0	0	0	0	0	0	0	0	0	0	0	0	0	0	202	0	0	0	0	0	0	0	0	303	0	0	0	0	0	0	0
BRA1M18	Antas	Moderate	Marco	Cabeceira	437	0	0	0	0	0	0	0	0	0	52	0	0	0	0	0	52	0	0	0	52	0	0	0	0	0	0	0	0	0	1750	0	0	0	0	0	263	0	0	0	0	0	0	0	0	0	0	0	0	0	0	0	0	52	0	0	0	0	0	0	0	0	437	0	0	0	0	0	52	0
BRA2M18	Antas	Moderate	Marco	Meio	90	0	0	0	0	0	0	0	0	0	1136	0	0	0	0	0	0	0	0	0	90	0	0	0	0	0	0	0	0	0	379	0	0	0	0	0	946	0	0	0	0	0	0	0	0	0	0	0	0	0	0	0	0	0	0	0	0	0	0	0	0	0	179	0	0	0	0	0	0	0
BRA3M18	Antas	Moderate	Marco	Foz	0	0	0	0	0	0	0	0	0	0	1469	0	0	0	0	0	0	0	0	0	0	0	0	0	0	0	0	0	0	0	188	0	0	0	0	0	188	0	0	0	0	0	0	0	0	0	0	0	0	0	0	0	0	2805	0	0	0	0	0	0	0	0	220	0	0	0	0	0	0	0
BRA1J18	Antas	Moderate	Junho	Cabeceira	0	0	0	0	0	0	0	0	0	0	172	0	0	0	0	0	279	0	0	0	0	0	0	0	0	0	0	0	0	0	5541	0	112	0	0	0	787	0	0	0	0	0	0	0	0	0	0	0	0	0	0	0	0	122	0	0	0	0	0	0	0	0	397	0	0	0	0	0	0	0
BRA2J18	Antas	Moderate	Junho	Meio	487	0	0	0	0	0	0	0	0	0	2281	0	0	0	0	0	211	0	0	0	193	0	0	0	0	0	0	0	0	0	1663	0	242	0	48	0	193	0	0	0	0	0	0	0	0	0	0	0	0	0	0	0	0	0	0	0	0	0	0	0	0	0	1083	0	0	0	0	0	0	0
BRA3J18	Antas	Moderate	Junho	Foz	25278	0	0	0	0	0	0	0	0	0	147454	0	0	0	0	0	0	0	0	0	306	0	122	0	0	0	0	0	0	0	7222	0	122	61	122	0	61	0	0	0	0	0	0	0	0	0	0	0	0	0	122	0	0	98704	0	0	0	0	0	0	0	0	61	0	0	0	0	0	133	0
BRA1S18	Antas	Moderate	Setembro	Cabeceira	0	0	0	0	0	0	0	0	0	0	567	0	0	0	0	0	119	0	0	0	59	0	0	0	0	0	0	0	0	0	238	0	365	0	0	0	518	0	0	0	0	0	0	0	0	0	0	0	0	0	0	0	0	1100	0	0	0	0	0	0	0	0	962	0	0	0	0	0	119	0
BRA2S18	Antas	Moderate	Setembro	Meio	200	0	0	0	0	0	0	0	0	0	4359	0	0	0	0	0	109	0	0	0	50	0	0	0	0	0	0	0	0	0	653	0	565	0	0	0	351	0	0	0	0	0	0	0	0	0	0	0	0	0	0	0	0	150	0	0	0	0	0	0	0	0	251	0	0	0	0	0	200	0
BRA3S18	Antas	Moderate	Setembro	Foz	1332	0	0	0	0	0	0	90	0	0	20744	0	0	0	0	0	0	0	0	0	150	0	1332	0	0	0	0	0	0	0	120	0	0	90	60	0	0	0	0	0	0	0	0	0	0	0	0	0	0	0	0	0	0	43944	0	0	0	0	0	0	0	0	0	0	0	0	0	0	0	0
FAL1D17	Bagre	No_propagule	Dezembro	Cabeceira	145	0	0	0	0	0	0	0	725	0	2471	0	0	1695	145	145	7860	0	2319	0	729	0	0	0	0	0	0	0	0	0	435	580	0	0	145	0	9879	0	0	0	0	1263	0	0	0	0	0	0	145	0	0	5084	0	145	0	0	0	0	0	0	0	0	4427	0	1783	0	0	0	290	0
FAL2D17	Bagre	No_propagule	Dezembro	Meio	132	0	0	0	0	0	0	0	673	44	0	0	0	44	480	0	0	0	44	0	132	167	0	88	0	0	0	0	0	0	96	0	132	0	0	0	1355	0	88	1191	0	221	0	0	0	0	0	0	88	0	0	736	0	0	167	2214	0	0	752	0	0	0	407	0	88	0	0	176	88	498
FAL3D17	Bagre	No_propagule	Dezembro	Foz	0	0	0	0	0	31	0	0	31	31	0	0	0	0	62	0	0	0	94	0	31	0	0	0	0	0	0	0	0	0	0	31	0	0	0	0	31	0	156	281	0	0	0	0	0	0	0	0	0	0	0	0	0	0	31	31	0	0	344	0	0	0	31	0	0	0	0	0	0	0
FAL1M18	Bagre	No_propagule	Marco	Cabeceira	519	0	0	0	0	177	0	0	89	0	89	0	0	336	89	89	266	0	444	0	0	0	0	0	0	0	519	0	0	0	463	89	0	0	89	0	15605	0	0	0	0	0	0	0	0	0	0	193	0	0	0	1482	0	89	0	0	0	0	0	0	0	0	853	0	741	0	0	0	273	0
FAL2M18	Bagre	No_propagule	Marco	Meio	0	0	0	0	0	83	0	0	145	0	0	0	366	0	4171	0	0	0	0	0	38	0	0	38	0	0	0	0	0	0	334	0	0	38	38	0	77	0	0	0	0	0	0	0	0	0	0	0	0	0	0	77	0	0	0	38	0	0	0	0	0	0	0	0	0	0	0	0	0	0
FAL3M18	Bagre	No_propagule	Marco	Foz	0	0	0	0	30	91	0	0	30	252	0	0	689	0	152	0	0	30	0	0	66	0	0	30	0	0	0	0	0	0	91	0	30	0	0	0	60	0	0	197	0	0	0	0	0	0	0	0	0	0	0	0	0	0	177	60	0	0	0	0	0	0	0	0	0	0	0	0	30	0
FAL1J18	Bagre	No_propagule	Junho	Cabeceira	249	0	0	0	0	0	0	0	162	0	162	0	0	324	474	162	499	0	649	0	81	0	0	0	0	0	0	0	0	0	324	243	0	0	162	162	6552	0	0	0	0	0	0	0	0	0	0	0	162	0	0	1771	0	81	0	0	0	0	0	0	0	0	774	0	81	0	0	0	81	0
FAL2J18	Bagre	No_propagule	Junho	Meio	47	0	0	0	0	47	0	0	554	146	0	0	47	416	2489	0	0	0	0	0	142	277	0	142	0	0	0	0	0	0	103	103	47	47	47	0	237	0	0	278	0	237	0	0	0	0	0	0	0	0	0	485	0	47	0	359	0	0	95	0	0	0	192	0	95	0	0	47	0	0
FAL3J18	Bagre	No_propagule	Junho	Foz	0	0	0	0	0	66	0	0	99	405	33	0	516	0	66	0	0	0	0	0	275	0	0	0	0	0	0	0	0	0	165	0	33	0	0	0	66	0	33	440	0	33	0	0	0	0	0	0	0	0	0	0	0	0	144	0	0	0	0	0	0	0	33	0	0	0	0	0	0	0
FAL1S18	Bagre	No_propagule	Setembro	Cabeceira	0	0	0	0	0	0	0	0	0	0	206	0	0	986	0	95	1370	0	2208	0	206	0	0	0	0	0	0	0	0	0	189	189	0	94	94	0	3155	0	0	0	0	189	0	0	0	0	0	0	0	0	0	552	0	0	0	0	0	0	0	0	0	0	960	0	189	0	0	0	0	0
FAL2S18	Bagre	No_propagule	Setembro	Meio	48	0	0	0	0	0	0	48	358	0	48	0	0	0	5044	0	0	0	242	0	48	0	0	48	0	48	48	0	0	0	48	48	0	0	0	0	615	0	0	0	0	878	0	0	0	0	0	0	0	0	0	284	48	0	405	1493	0	0	358	0	0	0	340	0	0	0	0	97	48	0
FAL3S18	Bagre	No_propagule	Setembro	Foz	0	0	0	0	0	0	0	0	107	582	0	0	0	0	35	0	0	0	69	0	509	0	0	75	0	0	0	0	0	0	139	104	0	0	0	0	139	0	0	532	0	0	0	0	0	0	0	0	0	0	0	0	0	0	35	139	0	0	0	0	0	0	75	0	0	0	0	0	0	0
PIO1D17	Pioneiro	Intense	Dezembro	Cabeceira	75	0	0	0	0	0	0	0	0	783	0	0	0	0	75	0	0	0	0	0	0	0	75	0	0	0	0	0	0	0	284	0	0	0	0	0	75	0	0	75	0	0	0	0	0	0	0	0	0	0	1664	0	0	0	0	0	0	0	0	0	0	0	225	0	0	0	0	0	0	0
PIO2D17	Pioneiro	Intense	Dezembro	Meio	0	0	0	0	0	0	0	0	0	50	0	0	0	101	151	0	0	0	0	0	0	0	0	0	0	0	0	0	0	0	151	0	0	0	0	0	50	0	151	807	0	50	0	0	0	0	0	0	0	0	101	0	0	0	0	0	29727	151	0	0	0	0	50	0	0	0	0	0	50	0
PIO3D17	Pioneiro	Intense	Dezembro	Foz	0	0	0	0	0	0	0	0	0	303	23	0	0	0	273	0	0	0	0	0	0	0	0	0	0	0	0	0	0	0	50	46	0	0	0	0	23	0	23	303	0	0	0	0	0	0	0	0	0	0	0	0	0	0	91	0	0	0	0	0	0	0	0	23	0	0	0	0	0	0
PIO1M18	Pioneiro	Intense	Marco	Cabeceira	0	0	0	0	0	0	0	0	0	2201	0	0	0	0	256	0	0	0	0	0	0	0	0	0	0	0	0	0	0	0	761	67	0	0	0	0	648	0	67	202	0	0	0	0	0	0	0	0	0	0	3710	0	0	0	67	0	0	0	0	0	0	0	256	67	0	0	0	0	0	0
PIO2M18	Pioneiro	Intense	Marco	Meio	0	0	0	0	0	0	0	0	182	2845	0	0	0	0	1188	45	0	0	0	0	0	0	0	227	136	0	0	0	0	0	5879	0	0	0	0	0	45	0	2845	9167	0	16438	0	0	0	0	0	0	0	0	3161	0	0	0	45	0	183662	45	227	0	0	0	727	0	640	0	0	0	136	0
PIO3M18	Pioneiro	Intense	Marco	Foz	0	0	0	0	0	0	0	0	0	476	0	0	0	0	65	0	0	0	0	0	0	0	0	0	0	0	0	0	0	0	366	0	0	0	0	0	32	0	0	0	0	0	0	0	0	0	0	0	0	0	476	0	0	0	32	0	0	0	682	0	0	0	0	0	0	0	0	0	0	0
PIO1J18	Pioneiro	Intense	Junho	Cabeceira	134	0	0	0	0	0	0	0	0	1220	67	0	0	67	0	0	0	0	0	0	0	0	0	67	0	0	0	0	0	0	1238	67	0	0	0	0	67	0	0	0	0	0	0	0	0	0	0	0	0	0	4536	0	0	0	0	0	0	0	134	0	0	0	146	201	0	0	0	0	0	0
PIO2J18	Pioneiro	Intense	Junho	Meio	106	0	0	0	0	0	0	0	201	371	0	0	0	106	5489	115	0	0	106	0	0	0	0	163	0	0	0	0	0	0	3423	0	53	0	53	0	106	0	377	1492	0	3475	0	0	0	0	0	0	0	0	1362	0	0	0	0	0	48293	0	115	0	0	0	346	0	0	0	106	0	53	0
PIO3J18	Pioneiro	Intense	Junho	Foz	0	0	0	0	0	0	0	0	0	206	0	0	0	0	1794	0	0	0	0	0	0	0	0	0	0	0	0	0	0	0	807	0	79	0	0	0	39	0	0	39	0	39	0	0	0	0	0	0	0	0	231	0	0	0	39	0	39	0	79	0	0	0	0	0	0	0	0	0	0	0
PIO1S18	Pioneiro	Intense	Setembro	Cabeceira	133	0	0	0	0	0	0	0	0	1144	0	0	0	67	410	0	0	0	0	0	0	0	0	0	0	0	0	0	0	0	200	67	0	0	205	0	67	0	133	133	0	0	0	0	0	0	0	0	0	0	4925	0	0	0	0	0	0	0	67	0	0	0	133	0	0	0	0	0	67	0
PIO2S18	Pioneiro	Intense	Setembro	Meio	0	0	0	0	0	55	0	0	437	17118	55	0	0	0	12533	207	0	0	10271	0	0	0	0	207	0	0	0	0	0	0	639	1012	0	55	164	0	221	0	25107	4056	0	52496	0	0	0	0	0	0	0	0	219	0	0	0	55	0	732656	0	109	0	0	0	617	109	0	0	0	0	15977	0
PIO3S18	Pioneiro	Intense	Setembro	Foz	0	0	0	0	0	0	0	0	40	208	80	0	0	0	787	0	0	0	0	0	0	0	0	0	40	0	0	0	0	0	779	0	0	0	0	0	0	0	0	87	0	0	0	0	0	0	0	0	0	0	40	0	0	0	80	0	40	0	0	0	0	0	151	80	40	0	0	0	0	0
STF1D17	Santa_Fe	Intense	Dezembro	Cabeceira	0	0	0	0	0	0	0	0	513	533	363	0	0	96	0	0	242	0	0	0	0	0	0	0	0	0	0	0	0	0	255	96	0	0	0	0	0	0	1332	5112	0	0	0	0	0	0	0	0	0	32	0	0	0	0	96	0	0	0	139	0	0	0	255	360	0	0	0	0	32	0
STF2D17	Santa_Fe	Intense	Dezembro	Meio	0	0	0	0	0	0	0	0	0	0	31	0	0	31	0	0	0	0	0	0	0	0	0	0	0	0	0	0	0	0	0	0	0	0	0	0	123	0	92	31	0	0	0	0	0	0	0	0	0	0	92	0	0	0	0	0	0	0	0	0	0	0	67	0	0	0	0	0	61	0
STF3D17	Santa_Fe	Intense	Dezembro	Foz	0	0	0	0	0	0	0	0	0	73	0	0	0	0	37	0	0	0	0	0	0	37	0	0	0	0	0	0	0	37	0	0	0	0	0	0	0	0	0	0	0	0	0	0	0	0	0	0	0	0	0	0	0	0	0	0	37	0	0	0	37	0	0	0	0	0	0	0	73	0
STF1M18	Santa_Fe	Intense	Marco	Cabeceira	0	0	0	0	0	0	0	0	1125	333	125	0	0	128	42	0	83	0	0	0	0	0	0	0	0	0	0	0	0	0	208	0	0	0	0	0	0	0	1488	3791	0	0	0	0	0	0	0	0	0	42	355	0	0	0	83	0	0	0	83	0	0	0	42	83	0	0	0	0	0	0
STF2M18	Santa_Fe	Intense	Marco	Meio	0	0	0	0	0	0	0	0	3590	66	132	0	0	458	0	0	0	0	30	0	0	0	0	0	0	0	0	0	0	0	3264	30	0	0	0	0	590	0	1632	1784	0	60	0	0	0	0	0	0	0	0	91	0	0	0	0	0	0	0	0	30	0	0	1536	0	30	0	0	0	91	0
STF3M18	Santa_Fe	Intense	Marco	Foz	0	0	0	0	0	0	0	0	33	99	0	0	0	0	125	0	0	0	0	0	0	33	0	33	0	0	0	0	0	72	33	0	0	0	33	0	0	0	0	0	0	0	0	0	0	0	0	0	0	0	0	0	0	0	0	0	0	0	0	0	33	0	0	0	0	0	0	0	0	0
STF1J18	Santa_Fe	Intense	Junho	Cabeceira	35	0	0	0	0	0	0	0	1082	106	0	0	0	71	0	0	207	0	71	0	0	0	0	0	0	0	0	0	0	0	106	0	0	0	0	0	106	0	2665	2962	0	0	0	0	0	0	0	0	0	0	0	0	0	0	77	0	0	0	533	0	0	0	592	35	0	0	0	0	35	0
STF2J18	Santa_Fe	Intense	Junho	Meio	0	25	0	0	0	0	0	0	482	0	0	0	0	351	0	0	0	0	0	0	0	0	0	0	0	0	0	0	0	0	412	49	0	25	25	0	395	25	1140	311	0	25	0	0	0	0	0	0	0	0	74	0	0	49	25	0	0	0	0	99	0	0	364	0	0	0	0	0	94	0
STF3J18	Santa_Fe	Intense	Junho	Foz	0	0	0	0	0	0	0	0	34	251	0	0	0	0	102	0	0	0	0	0	0	384	0	68	0	0	0	0	0	171	34	427	0	0	0	0	0	0	0	0	0	102	0	34	0	0	0	0	0	0	0	0	0	0	0	0	499	0	0	0	0	0	136	0	0	0	0	0	34	0
STF1S18	Santa_Fe	Intense	Setembro	Cabeceira	40	0	0	0	0	0	0	0	2058	234	468	0	0	726	0	0	120	0	80	0	0	0	0	0	0	0	0	0	0	0	847	0	0	0	0	0	40	0	10893	4848	0	0	0	0	0	0	0	0	0	0	0	0	0	0	40	0	0	0	120	0	0	0	530	726	0	0	0	0	40	0
STF2S18	Santa_Fe	Intense	Setembro	Meio	30	0	0	0	0	0	0	0	1635	607	303	0	0	65	30	0	0	0	0	0	0	0	0	0	0	0	0	0	0	0	90	30	0	0	0	0	30	0	0	90	0	30	0	0	0	0	0	0	0	0	30	0	0	30	0	0	0	0	0	121	0	0	573	0	0	0	0	0	119	0
STF3S18	Santa_Fe	Intense	Setembro	Foz	0	0	0	0	0	0	0	0	0	420	0	0	0	0	191	0	0	0	0	0	0	0	0	33	0	0	0	0	0	98	130	33	0	0	0	0	65	0	0	33	0	0	0	213	0	0	0	0	0	0	71	0	0	0	0	0	65	0	0	0	98	0	33	0	98	65	0	0	33	0
TAP1D17	Tapera	No_propagule	Dezembro	Cabeceira	53	0	0	0	0	0	0	0	1955	158	53	0	308	210	1200	0	0	0	389	0	0	0	0	0	53	0	0	0	0	0	105	115	0	0	53	0	158	0	0	0	0	598	0	0	0	0	0	0	0	426	0	0	0	0	0	0	275	0	210	0	0	0	933	0	53	0	0	0	0	0
TAP2D17	Tapera	No_propagule	Dezembro	Meio	0	0	0	0	0	0	0	0	1646	310	50	0	1692	50	740	0	0	0	110	110	252	101	0	0	50	0	0	50	0	0	50	0	0	0	0	0	151	0	0	0	0	1480	0	0	0	50	0	0	0	0	0	50	0	0	0	0	1480	50	50	0	0	0	204	0	526	101	0	0	50	0
TAP3D17	Tapera	No_propagule	Dezembro	Foz	0	0	0	0	0	0	0	0	465	42	0	0	83	0	42	0	0	0	42	42	91	318	0	83	0	0	0	0	0	0	91	42	0	0	0	0	208	0	0	0	0	545	0	0	0	0	0	42	0	0	0	42	0	0	0	0	42	0	83	0	0	0	167	0	0	0	0	0	0	0
TAP1M18	Tapera	No_propagule	Marco	Cabeceira	47	0	0	0	0	142	0	0	931	451	47	0	1315	0	1767	0	0	0	47	47	103	0	0	47	47	0	0	0	0	0	575	0	145	47	0	0	206	0	0	0	0	724	0	0	0	0	0	0	0	189	0	0	0	94	0	0	493	0	0	0	0	0	47	0	575	0	0	0	189	0
TAP2M18	Tapera	No_propagule	Marco	Meio	0	0	52	0	52	207	0	0	3137	418	52	0	1665	103	1179	0	52	0	540	103	414	103	0	103	0	0	0	0	0	0	0	0	0	0	0	0	728	0	0	0	0	4336	0	0	0	0	52	103	0	0	0	0	52	834	103	0	382	0	0	0	0	52	0	0	52	0	0	0	52	52
TAP3M18	Tapera	No_propagule	Marco	Foz	0	0	0	0	0	0	0	0	667	217	0	0	788	43	545	0	0	0	43	174	95	43	0	130	0	0	0	95	0	0	165	0	0	0	0	0	43	0	0	0	0	1334	0	0	174	0	0	0	0	130	0	43	0	43	0	0	0	0	0	0	0	0	424	0	43	0	0	0	43	0
TAP1J18	Tapera	No_propagule	Junho	Cabeceira	40	0	0	0	0	0	0	0	4411	1240	162	0	3584	121	1206	40	40	0	121	0	202	0	0	121	0	0	0	0	0	0	337	0	121	0	0	0	748	0	0	0	0	2619	0	0	0	0	0	0	153	0	0	0	385	40	121	0	163	0	0	0	0	0	81	0	0	0	0	0	40	0
TAP2J18	Tapera	No_propagule	Junho	Meio	0	0	0	49	0	98	0	0	1038	469	0	0	1676	106	2002	49	98	0	962	285	146	0	0	49	0	0	0	0	0	0	0	0	106	0	0	0	953	0	0	0	0	12630	0	0	195	0	0	0	0	49	0	0	98	145	49	0	146	0	0	0	0	0	49	0	0	0	0	0	0	0
TAP3J18	Tapera	No_propagule	Junho	Foz	51	0	0	0	0	0	0	0	1170	202	51	0	311	0	989	0	0	0	51	51	0	101	0	192	0	0	51	0	0	0	192	101	51	0	0	0	0	0	0	0	0	2926	0	0	51	0	0	0	0	0	0	0	0	51	0	0	0	0	0	0	0	0	264	0	0	0	0	0	0	0
TAP1S18	Tapera	No_propagule	Setembro	Cabeceira	47	0	0	0	0	0	0	0	2908	1987	0	0	1639	0	1132	0	0	0	206	0	142	0	0	103	0	0	0	0	47	0	179	0	47	0	47	0	179	0	0	0	0	617	0	0	0	0	0	0	236	0	0	0	179	0	0	0	336	0	0	0	0	0	145	0	47	47	0	0	0	0
TAP2S18	Tapera	No_propagule	Setembro	Meio	0	0	0	0	0	120	0	0	610	227	0	0	1043	60	1109	60	60	0	4924	184	570	60	0	60	0	0	0	0	0	0	130	60	60	0	0	0	1021	0	0	0	0	7475	0	0	0	0	0	0	0	0	0	0	180	261	60	0	0	0	0	0	0	0	130	0	60	0	0	0	0	60
TAP3S18	Tapera	No_propagule	Setembro	Foz	57	0	0	0	0	0	0	57	375	575	0	0	336	57	1468	0	0	0	125	115	115	57	0	479	0	0	0	172	0	0	767	125	115	0	57	0	0	0	0	0	0	2976	0	0	232	57	0	125	0	57	0	0	57	0	0	0	0	0	0	0	0	0	671	0	115	0	0	0	0	0
TAT1D17	Tatu	Intense	Dezembro	Cabeceira	0	0	0	0	0	0	0	0	0	952	0	0	0	0	0	0	0	0	0	0	0	0	0	0	0	0	0	0	0	0	1191	714	0	0	238	0	476	0	0	0	0	0	0	0	0	0	0	0	0	0	0	0	0	0	0	0	0	0	0	81551	0	0	0	0	0	0	0	0	0	0
TAT2D17	Tatu	Intense	Dezembro	Meio	0	0	0	0	0	0	0	0	0	341	0	0	0	0	0	0	0	0	0	0	0	2344	0	0	0	0	0	0	0	0	68	0	0	68	0	0	898	0	1540	0	0	0	0	0	0	0	0	0	0	0	0	0	0	0	0	0	0	0	0	651	0	0	273	0	0	0	0	0	0	0
TAT3D17	Tatu	Intense	Dezembro	Foz	0	0	0	0	0	0	0	0	0	488	0	0	0	0	0	0	0	0	0	0	0	774	0	260	0	0	0	0	0	0	774	0	0	0	0	0	137	0	0	0	0	0	0	0	0	0	0	0	0	0	0	0	0	0	0	0	0	0	0	0	0	0	149	0	0	0	0	0	0	0
TAT1M18	Tatu	Intense	Marco	Cabeceira	0	0	0	0	0	0	0	0	0	1041	0	0	0	0	0	0	0	0	0	0	0	0	0	0	0	0	0	0	0	0	534	0	0	0	0	0	2507	0	0	0	0	0	0	0	0	0	0	0	0	0	0	0	0	0	0	0	0	0	0	57262	0	0	0	0	0	0	0	0	0	0
TAT2M18	Tatu	Intense	Marco	Meio	0	0	0	0	0	0	0	0	0	174	0	0	0	0	0	0	0	0	0	0	0	1401	0	0	0	0	0	0	0	0	46	0	0	138	92	0	185	0	0	0	0	0	0	0	0	0	0	0	0	0	46	0	0	0	0	0	0	0	0	46	0	0	0	0	0	0	0	0	0	0
TAT3M18	Tatu	Intense	Marco	Foz	0	0	0	0	0	0	0	0	0	60	0	0	0	0	0	0	0	0	0	0	0	60	0	180	0	0	0	0	0	0	227	0	0	0	0	0	180	0	0	0	0	0	0	0	0	0	0	0	0	0	60	0	0	0	0	0	0	0	0	0	0	0	0	0	0	0	0	0	0	0
TAT1J18	Tatu	Intense	Junho	Cabeceira	0	0	0	0	0	0	0	0	0	0	0	0	0	0	0	0	0	0	0	0	0	0	0	0	0	0	0	0	0	0	0	0	0	0	0	0	330	0	0	0	0	0	0	0	0	0	0	0	0	0	0	0	0	0	0	0	0	0	0	70939	0	0	0	0	0	0	0	0	0	0
TAT2J18	Tatu	Intense	Junho	Meio	0	0	0	0	0	0	0	0	0	407	0	0	0	0	0	0	0	0	0	0	0	3876	0	0	0	0	0	0	0	0	251	0	0	50	50	0	109	0	50	0	0	0	0	0	0	0	0	0	0	0	100	0	0	100	0	0	0	0	0	4379	0	0	475	0	0	0	0	0	0	0
TAT3J18	Tatu	Intense	Junho	Foz	131	0	0	0	0	0	0	0	0	326	0	0	0	0	0	0	0	0	0	0	0	522	0	131	0	0	65	0	0	0	569	671	0	0	131	0	65	0	65	0	0	0	0	0	0	0	0	0	0	0	131	0	0	0	0	0	0	0	0	0	0	0	464	0	0	0	0	0	131	0
TAT1S18	Tatu	Intense	Setembro	Cabeceira	0	0	0	0	0	0	0	0	0	257	0	0	0	0	0	0	0	0	0	0	0	0	0	0	0	0	0	0	0	0	0	0	0	0	0	0	0	0	0	0	0	0	0	0	0	0	0	0	0	0	0	0	0	0	0	0	0	0	0	20130	0	0	0	0	0	0	0	0	0	0
TAT2S18	Tatu	Intense	Setembro	Meio	0	0	0	0	0	0	0	0	0	100	0	0	0	0	0	0	0	0	0	0	0	5110	0	0	0	0	0	0	0	0	50	0	0	0	0	0	190	0	0	0	0	0	0	0	0	0	0	0	0	0	0	0	0	0	0	0	0	0	0	100	0	0	479	0	0	0	0	0	0	0
TAT3S18	Tatu	Intense	Setembro	Foz	0	0	0	0	0	0	0	0	0	1221	0	0	0	0	0	0	0	0	0	0	0	250	0	132	0	0	0	0	0	0	132	144	0	0	0	0	132	0	0	0	0	0	0	0	0	0	0	0	0	0	0	0	0	0	0	0	0	0	0	0	0	0	250	0	0	0	0	0	0	0
TRM1D17	Taquari	No_propagule	Dezembro	Cabeceira	129	0	0	0	0	0	0	0	843	2819	0	0	0	0	2811	0	129	0	0	0	0	8971	0	129	0	0	0	0	0	0	756	562	645	281	0	0	673	0	0	0	0	258	0	0	0	0	0	0	0	129	0	0	0	0	0	0	281	0	0	0	0	0	2901	0	489	0	0	0	645	0
TRM2D17	Taquari	No_propagule	Dezembro	Meio	56	0	0	168	56	213	0	0	1142	1588	328	0	949	0	122	0	0	0	468	0	56	0	0	0	0	0	0	0	0	0	224	280	468	0	0	0	168	0	0	0	0	2815	56	0	0	0	0	0	0	0	0	0	0	0	0	0	1063	0	0	0	0	0	570	0	0	0	0	56	56	0
TRM3D17	Taquari	No_propagule	Dezembro	Foz	0	0	0	0	122	61	0	0	0	232	0	0	25925	0	3235	0	0	0	0	0	133	691	0	133	0	0	0	184	0	0	133	122	61	0	0	0	511	0	0	0	0	5183	0	0	0	2189	0	61	0	0	0	0	0	0	0	0	0	0	61	0	0	0	0	0	1267	0	0	61	0	0
TRM1M18	Taquari	No_propagule	Marco	Cabeceira	378	0	0	0	0	0	0	0	0	549	0	0	0	0	2484	0	126	0	0	0	0	0	0	275	0	0	126	0	0	0	884	126	478	126	126	0	1474	0	0	0	0	0	0	0	0	126	0	0	0	252	0	0	0	0	0	0	126	0	0	0	0	0	1911	0	1775	0	0	0	4120	0
TRM2M18	Taquari	No_propagule	Marco	Meio	0	0	0	341	0	1547	0	0	4504	2502	0	0	852	0	55	0	0	0	325	0	55	0	0	55	0	0	0	0	0	0	0	0	55	0	0	0	277	0	0	0	0	5004	0	0	0	0	0	55	0	0	0	0	0	0	55	0	780	0	0	0	55	0	55	0	0	0	55	0	166	0
TRM3M18	Taquari	No_propagule	Marco	Foz	0	0	0	188	0	848	0	0	126	638	63	0	11023	0	958	0	0	0	328	0	3256	188	0	63	0	0	0	524	0	0	1250	63	63	0	0	0	1500	0	0	0	0	5749	0	0	0	63	0	63	0	0	0	0	0	0	0	0	1625	0	0	0	0	0	0	0	62	0	126	0	0	0
TRM1J18	Taquari	No_propagule	Junho	Cabeceira	100	0	0	0	0	0	0	0	0	0	0	0	0	0	1565	0	0	0	0	0	0	602	0	300	0	379	0	0	0	0	3711	100	436	0	100	0	1172	0	0	0	0	300	0	0	0	0	0	0	0	100	0	0	0	0	0	0	0	0	0	0	0	0	2485	0	0	0	0	0	200	0
TRM2J18	Taquari	No_propagule	Junho	Meio	0	0	0	92	0	647	46	0	1630	3000	46	0	636	0	646	0	0	0	1091	0	46	0	0	0	46	0	0	0	0	0	141	92	818	0	0	0	46	0	0	0	0	3410	0	0	0	0	0	46	0	0	0	0	0	0	0	0	1364	0	0	0	46	0	276	0	0	0	92	200	46	0
TRM3J18	Taquari	No_propagule	Junho	Foz	0	0	0	64	0	1401	0	0	0	377	64	0	1635	0	3270	0	0	64	193	0	8875	64	0	129	0	0	0	140	0	0	335	0	0	0	0	0	1635	0	0	0	0	5937	0	0	0	0	0	0	0	0	0	0	0	0	64	0	198	0	0	0	0	0	129	0	0	0	257	0	0	0
TRM1S18	Taquari	No_propagule	Setembro	Cabeceira	128	0	0	0	0	0	0	0	128	128	0	0	0	0	8243	0	0	0	0	0	0	0	0	256	0	0	0	0	0	0	485	128	128	0	0	0	128	0	0	0	0	256	0	0	0	0	0	0	0	256	0	0	0	0	0	0	0	0	0	0	0	0	640	0	3639	0	0	0	944	0
TRM2S18	Taquari	No_propagule	Setembro	Meio	0	0	0	0	0	1218	0	0	2335	5925	162	0	216	0	519	54	0	0	609	0	54	0	0	0	0	0	0	0	0	0	117	54	0	0	0	0	132	0	0	0	0	2234	108	0	0	0	0	0	0	0	0	0	0	0	0	0	747	0	162	0	0	0	216	0	0	0	54	0	108	0
TRM3S18	Taquari	No_propagule	Setembro	Foz	0	0	0	45	0	0	0	0	0	235	0	0	294	0	842	90	0	0	0	0	1891	90	0	0	0	0	45	90	0	0	225	0	0	0	0	0	98	0	0	0	0	2095	45	0	0	0	0	0	0	0	0	0	1822	0	0	0	226	0	0	0	0	0	98	0	45	0	0	0	0	0
