Codigo	Riacho	Categoria	Mes	Ponto	Ae_pl 	An_sp	Ap_al	Ap_ca 	Ap_af	Ap_pi	Ap_vl	As_bo	As_fa	As_la	As_pa	Br_co 	Br_ex	Br_ih	Br_tu	Ca_ca	Ca_da	Ce_go	Ce_ih	Ch_go	Ch_ze	Co_ae	Co_re	Cr_br	Cy_mo	Ei_tr	Er_er	Fa_ha	Ga_gu	Ge_br	Gy_in	Gy_pa	Gy_sy	Ho_mb	Ho_mi	Ho_sp	Hy_an	Hy_sp	Hy_sp2	Hy_ti	Im_mi	Im_sc	Le_fr	Lo_pl	Mo_au	Mo_bo	Mo_gr	Mo_sa	Ol_pa	Ol_pi	Or_ni	Ot_po	Pa_na	Ph_ha	Ph_te	Pi_ar	Pi_av	Pi_gr	Pi_st	Po_re	Pr_li	Py_au	Rh_qu	Ri_la	Se_no	St_br	St_in	St_ma	Sy_ma	Ta_ne 
APA1D17	16_Janeiro	Moderada	Dezembro	Cabeceira	0	0	0	0	0	0	0	0	12	506	0	0	0	0	0	0	0	0	0	0	0	1072	0	0	0	0	0	0	0	0	12	48	0	0	0	0	24	0	0	0	0	0	0	0	0	0	0	0	0	0	24	0	0	0	0	0	0	0	0	0	0	0	84	0	0	0	0	0	0	0
APA2D17	16_Janeiro	Moderada	Dezembro	Meio	0	0	0	0	0	5	5	0	91	213	0	0	5	0	71	0	0	0	5	0	5	25	0	0	0	0	0	0	0	0	15	0	0	0	0	0	51	0	0	0	0	10	0	0	0	0	0	0	0	0	15	0	0	0	0	0	15	0	0	0	0	0	106	0	0	0	0	0	0	0
APA3D17	16_Janeiro	Moderada	Dezembro	Foz	5	0	0	0	0	5	5	0	14	55	5	0	55	0	41	0	0	0	0	0	5	55	0	0	5	0	0	0	0	0	9	18	0	5	0	0	9	0	0	0	0	5	5	0	0	0	0	0	0	0	0	0	0	5	0	0	308	0	0	0	0	0	5	0	0	0	0	0	0	0
APA1M18	16_Janeiro	Moderada	Marco	Cabeceira	0	0	0	0	0	0	0	0	0	298	0	0	0	0	0	0	0	0	0	0	0	1362	0	0	0	0	0	0	0	0	128	170	0	21	0	0	277	0	0	0	0	0	0	0	0	0	0	0	0	0	0	0	0	0	0	0	0	0	0	0	0	0	383	0	0	0	0	0	21	0
APA2M18	16_Janeiro	Moderada	Marco	Meio	0	0	0	0	0	71	4	0	53	151	0	0	35	0	106	0	0	0	13	0	18	22	0	0	0	0	0	0	0	0	62	4	0	4	0	0	13	0	0	0	0	13	0	0	0	0	0	0	0	0	18	0	9	0	0	0	27	0	0	0	0	0	22	0	0	0	4	0	4	0
APA3M18	16_Janeiro	Moderada	Marco	Foz	4	0	0	0	0	0	0	0	4	80	0	0	24	0	89	0	0	0	0	0	0	4	0	8	0	0	4	0	0	0	36	0	0	0	0	0	4	0	0	0	0	0	0	0	4	0	0	0	0	0	0	0	8	0	0	0	28	0	0	0	0	0	4	0	0	4	0	0	0	0
APA1J18	16_Janeiro	Moderada	Junho	Cabeceira	0	0	0	0	0	0	0	0	0	20	0	0	0	0	0	0	0	0	0	0	0	267	0	0	0	0	0	0	0	0	82	102	0	0	0	0	62	0	0	0	0	0	0	0	0	0	0	0	0	0	0	0	0	0	0	0	0	0	0	0	0	0	123	0	0	0	0	0	0	0
APA2J18	16_Janeiro	Moderada	Junho	Meio	0	0	0	0	0	9	5	0	65	372	23	0	14	0	144	0	0	0	28	0	0	9	0	0	0	0	0	0	0	0	74	9	0	0	0	0	19	0	0	0	0	5	0	0	0	0	0	0	0	0	33	0	0	0	0	0	163	0	0	0	0	0	237	0	0	0	0	0	0	0
APA3J18	16_Janeiro	Moderada	Junho	Foz	0	0	0	0	0	8	0	0	0	49	0	0	16	0	95	0	0	0	0	0	0	41	0	25	0	0	12	0	0	0	37	21	0	4	0	0	12	0	0	0	0	4	0	0	0	0	0	0	0	0	8	0	0	0	0	0	29	0	0	0	0	0	21	0	0	0	0	0	0	0
APA1S18	16_Janeiro	Moderada	Setembro	Cabeceira	0	0	0	0	0	0	0	0	0	55	0	0	0	0	0	0	0	0	0	0	0	744	0	0	0	0	0	0	0	0	0	55	0	0	0	0	248	0	0	0	0	0	0	0	0	0	0	0	0	0	0	0	0	0	0	0	0	0	0	0	0	0	220	0	0	0	0	0	0	0
APA2S18	16_Janeiro	Moderada	Setembro	Meio	0	0	0	0	0	0	0	0	19	72	5	0	0	0	72	0	0	0	0	0	0	29	0	0	0	0	0	0	0	0	0	5	0	0	5	0	5	0	0	0	0	0	0	0	0	0	0	0	0	0	53	0	14	0	0	0	14	0	0	0	0	0	24	0	0	0	0	0	0	0
APA3S18	16_Janeiro	Moderada	Setembro	Foz	8	0	0	0	0	0	0	0	0	29	0	0	0	0	75	4	0	0	0	0	4	54	0	17	0	0	17	0	0	0	29	4	0	4	0	0	4	0	0	0	4	12	8	0	4	0	0	0	0	0	0	0	0	4	0	0	170	0	0	0	0	0	8	0	0	0	0	0	0	0
BAI1D17	Baiano	Moderada	Dezembro	Cabeceira	0	0	0	0	0	10	0	0	51	0	5	0	0	0	0	0	0	0	5	0	5	0	0	0	0	0	0	0	0	0	20	5	5	0	0	0	36	0	5	10	0	10	0	0	0	0	0	0	0	0	0	0	0	0	0	0	0	0	0	0	0	0	5	0	0	0	0	0	107	0
BAI2D17	Baiano	Moderada	Dezembro	Meio	0	0	0	0	0	0	0	0	226	6	24	0	0	0	0	0	0	0	0	0	0	0	0	0	0	0	0	0	0	0	18	0	6	0	0	0	31	0	61	6	0	12	0	0	0	0	0	0	0	0	0	0	0	0	0	0	0	0	0	0	0	0	12	0	0	0	0	0	6	0
BAI3D17	Baiano	Moderada	Dezembro	Foz	4	0	0	4	0	0	0	0	0	18	0	0	4	4	7	0	0	4	0	0	0	0	0	0	0	0	0	0	0	0	11	4	0	0	0	4	4	0	0	0	0	0	0	0	0	0	0	0	0	0	7	0	0	0	7	4	0	0	0	0	0	0	0	0	18	0	0	0	4	0
BAI1M18	Baiano	Moderada	Marco	Cabeceira	0	0	0	0	0	0	0	0	5	9	0	0	0	0	0	0	0	0	0	0	0	5	0	0	0	0	0	0	0	0	331	0	0	0	0	0	113	0	19	0	0	33	0	0	0	0	0	0	0	0	0	0	0	0	0	0	0	0	5	0	0	0	14	0	0	0	0	0	194	0
BAI2M18	Baiano	Moderada	Marco	Meio	0	0	0	0	0	4	0	0	8	0	0	0	0	0	0	0	0	0	0	0	0	0	0	0	0	0	0	0	0	0	73	4	0	0	0	0	11	0	0	0	0	15	0	0	0	0	0	0	0	0	0	0	0	0	0	0	0	0	0	0	0	0	4	0	0	0	0	0	15	0
BAI3M18	Baiano	Moderada	Marco	Foz	0	0	0	0	0	5	0	0	0	5	0	0	5	0	14	0	0	0	0	0	5	0	0	0	0	0	0	0	0	0	5	0	0	0	0	0	14	0	0	0	0	9	0	0	0	0	0	0	0	0	0	0	0	0	5	0	0	0	0	0	0	0	0	0	0	0	0	0	0	0
BAI1J18	Baiano	Moderada	Junho	Cabeceira	5	0	0	0	0	5	0	0	10	5	0	0	5	39	0	0	0	0	0	0	0	0	0	0	0	0	0	0	0	0	34	0	0	0	0	0	5	0	10	0	0	10	0	0	0	0	0	0	0	0	0	0	0	0	0	0	0	0	0	0	0	0	10	0	0	0	0	0	79	0
BAI2J18	Baiano	Moderada	Junho	Meio	0	0	0	0	0	4	0	0	4	11	0	0	0	4	0	0	0	0	0	0	0	0	0	0	0	0	0	0	0	0	18	0	4	0	0	0	11	0	0	0	0	0	0	0	0	0	0	0	0	0	0	0	0	0	0	4	0	0	18	0	0	0	8	0	0	0	0	0	0	0
BAI3J18	Baiano	Moderada	Junho	Foz	0	0	0	0	0	0	0	0	0	16	0	0	4	0	8	0	0	0	4	0	4	0	0	0	0	0	0	0	0	0	4	0	0	0	0	0	8	0	0	0	0	0	0	0	0	0	0	0	0	0	0	0	0	0	8	0	0	0	0	0	0	0	0	0	0	0	0	0	0	0
BAI1S18	Baiano	Moderada	Setembro	Cabeceira	10	0	0	0	0	0	0	0	44	25	40	5	0	0	0	0	0	0	5	0	0	30	0	0	0	0	0	0	0	0	44	10	15	0	0	0	64	0	20	15	0	30	0	0	0	0	0	0	0	0	0	0	10	0	0	0	0	0	5	0	0	0	15	0	0	0	0	0	144	0
BAI2S18	Baiano	Moderada	Setembro	Meio	0	0	0	0	0	0	0	0	0	11	15	0	0	0	0	0	0	0	0	0	0	0	0	0	0	0	0	0	0	0	0	0	4	0	0	0	11	0	0	0	0	7	0	0	0	0	0	0	0	0	4	0	0	0	0	0	0	0	0	0	0	0	0	0	4	0	0	0	4	0
BAI3S18	Baiano	Moderada	Setembro	Foz	0	0	0	0	0	0	0	0	4	19	0	0	4	0	22	0	0	0	0	0	0	4	0	0	0	0	4	0	0	0	11	0	0	0	0	0	0	0	0	0	0	0	0	0	0	0	0	0	0	0	7	0	0	0	11	0	0	0	7	0	0	0	0	0	0	0	0	0	4	0
BRA1D17	Antas	Moderada	Dezembro	Cabeceira	5	0	0	0	0	0	0	0	0	0	16	0	0	0	0	0	27	0	0	0	0	0	0	0	0	0	0	0	0	0	93	0	16	0	0	0	76	0	0	0	0	0	0	0	0	0	0	0	0	0	0	0	0	38	0	0	0	0	0	0	0	0	54	0	0	0	0	0	5	0
BRA2D17	Antas	Moderada	Dezembro	Meio	31	0	0	0	0	0	0	0	0	0	113	0	0	0	0	0	4	0	0	0	12	0	0	0	0	0	0	0	0	0	35	0	43	4	0	0	50	0	0	0	0	0	0	0	0	0	0	0	0	0	0	0	0	8	0	0	0	0	0	0	0	0	58	0	0	0	0	0	0	0
BRA3D17	Antas	Moderada	Dezembro	Foz	0	0	0	0	0	0	0	0	0	0	5	0	0	0	0	0	45	0	0	0	30	0	0	0	0	0	0	0	0	0	0	0	0	0	0	0	35	0	0	0	0	0	0	0	0	0	0	0	0	0	0	0	0	20	0	0	0	0	0	0	0	0	30	0	0	0	0	0	0	0
BRA1M18	Antas	Moderada	Marco	Cabeceira	26	0	0	0	0	0	0	0	0	0	5	0	0	0	0	0	5	0	0	0	5	0	0	0	0	0	0	0	0	0	105	0	0	0	0	0	26	0	0	0	0	0	0	0	0	0	0	0	0	0	0	0	0	5	0	0	0	0	0	0	0	0	26	0	0	0	0	0	5	0
BRA2M18	Antas	Moderada	Marco	Meio	13	0	0	0	0	0	0	0	0	0	80	0	0	0	0	0	0	0	0	0	9	0	0	0	0	0	0	0	0	0	27	0	0	0	0	0	67	0	0	0	0	0	0	0	0	0	0	0	0	0	0	0	0	0	0	0	0	0	0	0	0	0	18	0	0	0	0	0	0	0
BRA3M18	Antas	Moderada	Marco	Foz	0	0	0	0	0	0	0	0	0	0	83	0	0	0	0	0	0	0	0	0	0	0	0	0	0	0	0	0	0	0	19	0	0	0	0	0	19	0	0	0	0	0	0	0	0	0	0	0	0	0	0	0	0	158	0	0	0	0	0	0	0	0	15	0	0	0	0	0	0	0
BRA1J18	Antas	Moderada	Junho	Cabeceira	0	0	0	0	0	0	0	0	0	0	17	0	0	0	0	0	28	0	0	0	0	0	0	0	0	0	0	0	0	0	112	0	11	0	0	0	50	0	0	0	0	0	0	0	0	0	0	0	0	0	0	0	0	11	0	0	0	0	0	0	0	0	39	0	0	0	0	0	0	0
BRA2J18	Antas	Moderada	Junho	Meio	48	0	0	0	0	0	0	0	0	0	203	0	0	0	0	0	19	0	0	0	19	0	0	0	0	0	0	0	0	0	121	0	24	0	5	0	19	0	0	0	0	0	0	0	0	0	0	0	0	0	0	0	0	0	0	0	0	0	0	0	0	0	68	0	0	0	0	0	0	0
BRA3J18	Antas	Moderada	Junho	Foz	257	0	0	0	0	0	0	0	0	0	1498	0	0	0	0	0	0	0	0	0	31	0	12	0	0	0	0	0	0	0	73	0	12	6	12	0	6	0	0	0	0	0	0	0	0	0	0	0	0	0	12	0	0	1003	0	0	0	0	0	0	0	0	6	0	0	0	0	0	12	0
BRA1S18	Antas	Moderada	Setembro	Cabeceira	0	0	0	0	0	0	0	0	0	0	53	0	0	0	0	0	12	0	0	0	6	0	0	0	0	0	0	0	0	0	24	0	36	0	0	0	47	0	0	0	0	0	0	0	0	0	0	0	0	0	0	0	0	47	0	0	0	0	0	0	0	0	42	0	0	0	0	0	12	0
BRA2S18	Antas	Moderada	Setembro	Meio	20	0	0	0	0	0	0	0	0	0	345	0	0	0	0	0	10	0	0	0	5	0	0	0	0	0	0	0	0	0	60	0	30	0	0	0	35	0	0	0	0	0	0	0	0	0	0	0	0	0	0	0	0	15	0	0	0	0	0	0	0	0	25	0	0	0	0	0	20	0
BRA3S18	Antas	Moderada	Setembro	Foz	27	0	0	0	0	0	0	9	0	0	1966	0	0	0	0	0	0	0	0	0	15	0	27	0	0	0	0	0	0	0	12	0	0	9	6	0	0	0	0	0	0	0	0	0	0	0	0	0	0	0	0	0	0	894	0	0	0	0	0	0	0	0	0	0	0	0	0	0	0	0
FAL1D17	Bagre	Ausente	Dezembro	Cabeceira	14	0	0	0	0	0	0	0	72	0	188	0	0	116	14	14	739	0	203	0	72	0	0	0	0	0	0	0	0	0	43	58	0	0	14	0	768	0	0	0	0	116	0	0	0	0	0	0	14	0	0	348	0	14	0	0	0	0	0	0	0	0	362	0	174	0	0	0	29	0
FAL2D17	Bagre	Ausente	Dezembro	Meio	13	0	0	0	0	0	0	0	62	4	0	0	0	4	44	0	0	0	4	0	13	13	0	9	0	0	0	0	0	0	9	0	13	0	0	0	84	0	9	84	0	22	0	0	0	0	0	0	9	0	0	44	0	0	13	84	0	0	57	0	0	0	40	0	9	0	0	18	9	26
FAL3D17	Bagre	Ausente	Dezembro	Foz	0	0	0	0	0	3	0	0	3	3	0	0	0	0	6	0	0	0	9	0	3	0	0	0	0	0	0	0	0	0	0	3	0	0	0	0	3	0	16	28	0	0	0	0	0	0	0	0	0	0	0	0	0	0	3	3	0	0	34	0	0	0	3	0	0	0	0	0	0	0
FAL1M18	Bagre	Ausente	Marco	Cabeceira	35	0	0	0	0	18	0	0	9	0	9	0	0	27	9	9	27	0	44	0	0	0	0	0	0	0	35	0	0	0	44	9	0	0	9	0	240	0	0	0	0	0	0	0	0	0	0	18	0	0	0	9	0	9	0	0	0	0	0	0	0	0	71	0	44	0	0	0	27	0
FAL2M18	Bagre	Ausente	Marco	Meio	0	0	0	0	0	8	0	0	11	0	0	0	34	0	80	0	0	0	0	0	4	0	0	4	0	0	0	0	0	0	31	0	0	4	4	0	8	0	0	0	0	0	0	0	0	0	0	0	0	0	0	8	0	0	0	4	0	0	0	0	0	0	0	0	0	0	0	0	0	0
FAL3M18	Bagre	Ausente	Marco	Foz	0	0	0	0	3	9	0	0	3	15	0	0	27	0	15	0	0	3	0	0	6	0	0	3	0	0	0	0	0	0	9	0	3	0	0	0	6	0	0	18	0	0	0	0	0	0	0	0	0	0	0	0	0	0	12	6	0	0	0	0	0	0	0	0	0	0	0	0	3	0
FAL1J18	Bagre	Ausente	Junho	Cabeceira	24	0	0	0	0	0	0	0	16	0	16	0	0	32	32	16	49	0	57	0	8	0	0	0	0	0	0	0	0	0	32	24	0	0	16	16	300	0	0	0	0	0	0	0	0	0	0	0	16	0	0	81	0	8	0	0	0	0	0	0	0	0	73	0	8	0	0	0	8	0
FAL2J18	Bagre	Ausente	Junho	Meio	5	0	0	0	0	5	0	0	38	14	0	0	5	28	242	0	0	0	0	0	14	19	0	14	0	0	0	0	0	0	9	9	5	5	5	0	24	0	0	24	0	24	0	0	0	0	0	0	0	0	0	33	0	5	0	28	0	0	9	0	0	0	19	0	9	0	0	14	5	0
FAL3J18	Bagre	Ausente	Junho	Foz	0	0	0	0	0	7	0	0	10	40	3	0	49	0	7	0	0	0	0	0	16	0	0	0	0	0	0	0	0	0	16	0	3	0	0	0	7	0	3	26	0	3	0	0	0	0	0	0	0	0	0	0	0	0	13	0	0	0	0	0	0	0	3	0	0	0	0	0	0	0
FAL1S18	Bagre	Ausente	Setembro	Cabeceira	0	0	0	0	0	0	0	0	0	0	19	0	0	94	0	9	123	0	132	0	19	0	0	0	0	0	0	0	0	0	19	19	0	9	9	0	189	0	0	0	0	19	0	0	0	0	0	0	0	0	0	38	0	0	0	0	0	0	0	0	0	0	85	0	19	0	0	0	0	0
FAL2S18	Bagre	Ausente	Setembro	Meio	5	0	0	0	0	0	0	5	34	0	5	0	0	0	339	0	0	0	24	0	5	0	0	5	0	5	5	0	0	0	5	5	0	0	0	0	34	0	0	0	0	48	0	0	0	0	0	0	0	0	0	19	5	0	24	82	0	0	34	0	0	0	34	0	0	0	0	10	5	0
FAL3S18	Bagre	Ausente	Setembro	Foz	0	0	0	0	0	0	0	0	10	28	0	0	0	0	3	0	0	0	7	0	24	0	0	7	0	0	0	0	0	0	14	10	0	0	0	0	14	0	0	38	0	0	0	0	0	0	0	0	0	0	0	0	0	0	3	14	0	0	0	0	0	0	7	0	0	0	0	0	0	0
PIO1D17	Pioneiro	Intensa	Dezembro	Cabeceira	7	0	0	0	0	0	0	0	0	75	0	0	0	0	7	0	0	0	0	0	0	0	7	0	0	0	0	0	0	0	22	0	0	0	0	0	7	0	0	7	0	0	0	0	0	0	0	0	0	0	165	0	0	0	0	0	0	0	0	0	0	0	22	0	0	0	0	0	0	0
PIO2D17	Pioneiro	Intensa	Dezembro	Meio	0	0	0	0	0	0	0	0	0	5	0	0	0	10	15	0	0	0	0	0	0	0	0	0	0	0	0	0	0	0	15	0	0	0	0	0	5	0	15	30	0	5	0	0	0	0	0	0	0	5	10	0	0	0	0	0	1115	15	0	0	0	0	5	0	0	0	0	0	5	0
PIO3D17	Pioneiro	Intensa	Dezembro	Foz	0	0	0	0	0	0	0	0	0	23	2	0	0	0	21	0	0	0	0	0	0	0	0	0	0	0	0	0	0	0	5	5	0	0	0	0	2	0	2	23	0	0	0	0	0	0	0	0	0	0	0	0	0	0	9	0	0	0	0	0	0	0	0	2	0	0	0	0	0	0
PIO1M18	Pioneiro	Intensa	Marco	Cabeceira	0	0	0	0	0	0	0	0	0	195	0	0	0	0	20	0	0	0	0	0	0	0	0	0	0	0	0	0	0	0	40	7	0	0	0	0	54	0	7	20	0	0	0	0	0	0	0	0	0	0	135	0	0	0	7	0	0	0	0	0	0	0	20	7	0	0	0	0	0	0
PIO2M18	Pioneiro	Intensa	Marco	Meio	0	0	0	0	0	0	0	0	18	41	0	0	0	0	109	4	0	0	0	0	0	0	0	23	14	0	0	0	0	0	104	0	0	0	0	0	4	0	41	132	0	236	0	0	0	0	0	0	0	0	45	0	0	0	4	0	2641	4	23	0	0	0	64	0	41	0	0	0	14	0
PIO3M18	Pioneiro	Intensa	Marco	Foz	0	0	0	0	0	0	0	0	0	23	0	0	0	0	7	0	0	0	0	0	0	0	0	0	0	0	0	0	0	0	19	0	0	0	0	0	3	0	0	0	0	0	0	0	0	0	0	0	0	0	23	0	0	0	3	0	0	0	62	0	0	0	0	0	0	0	0	0	0	0
PIO1J18	Pioneiro	Intensa	Junho	Cabeceira	13	0	0	0	0	0	0	0	0	114	7	0	0	7	0	0	0	0	0	0	0	0	0	7	0	0	0	0	0	0	53	7	0	0	0	0	7	0	0	0	0	0	0	0	0	0	0	0	0	0	435	0	0	0	0	0	0	0	13	0	0	0	13	20	0	0	0	0	0	0
PIO2J18	Pioneiro	Intensa	Junho	Meio	11	0	0	0	0	0	0	0	16	37	0	0	0	11	345	11	0	0	11	0	0	0	0	16	0	0	0	0	0	0	255	0	5	0	5	0	11	0	37	96	0	292	0	0	0	0	0	0	0	0	90	0	0	0	0	0	2427	0	11	0	0	0	32	0	0	0	11	0	5	0
PIO3J18	Pioneiro	Intensa	Junho	Foz	0	0	0	0	0	0	0	0	0	20	0	0	0	0	142	0	0	0	0	0	0	0	0	0	0	0	0	0	0	0	55	0	8	0	0	0	4	0	0	4	0	4	0	0	0	0	0	0	0	0	16	0	0	0	4	0	4	0	8	0	0	0	0	0	0	0	0	0	0	0
PIO1S18	Pioneiro	Intensa	Setembro	Cabeceira	13	0	0	0	0	0	0	0	0	93	0	0	0	7	40	0	0	0	0	0	0	0	0	0	0	0	0	0	0	0	20	7	0	0	20	0	7	0	13	13	0	0	0	0	0	0	0	0	0	0	387	0	0	0	0	0	0	0	7	0	0	0	13	0	0	0	0	0	7	0
PIO2S18	Pioneiro	Intensa	Setembro	Meio	0	0	0	0	0	5	0	0	38	82	5	0	0	0	169	16	0	0	49	0	0	0	0	16	0	0	0	0	0	0	43	43	0	5	16	0	22	0	22	208	0	251	0	0	0	0	0	0	0	0	22	0	0	0	5	0	3508	0	11	0	0	0	33	11	0	0	0	0	76	0
PIO3S18	Pioneiro	Intensa	Setembro	Foz	0	0	0	0	0	0	0	0	4	20	8	0	0	0	68	0	0	0	0	0	0	0	0	0	4	0	0	0	0	0	44	0	0	0	0	0	0	0	0	8	0	0	0	0	0	0	0	0	0	0	4	0	0	0	8	0	4	0	0	0	0	0	12	4	4	0	0	0	0	0
STF1D17	Santa_Fe	Intensa	Dezembro	Cabeceira	0	0	0	0	0	0	0	0	48	32	29	0	0	10	0	0	19	0	0	0	0	0	0	0	0	0	0	0	0	0	22	10	0	0	0	0	0	0	80	188	0	0	0	0	0	0	0	0	0	3	0	0	0	0	10	0	0	0	13	0	0	0	22	19	0	0	0	0	3	0
STF2D17	Santa_Fe	Intensa	Dezembro	Meio	0	0	0	0	0	0	0	0	0	0	3	0	0	3	0	0	0	0	0	0	0	0	0	0	0	0	0	0	0	0	0	0	0	0	0	0	12	0	9	3	0	0	0	0	0	0	0	0	0	0	9	0	0	0	0	0	0	0	0	0	0	0	6	0	0	0	0	0	6	0
STF3D17	Santa_Fe	Intensa	Dezembro	Foz	0	0	0	0	0	0	0	0	0	7	0	0	0	0	4	0	0	0	0	0	0	4	0	0	0	0	0	0	0	4	0	0	0	0	0	0	0	0	0	0	0	0	0	0	0	0	0	0	0	0	0	0	0	0	0	0	4	0	0	0	4	0	0	0	0	0	0	0	7	0
STF1M18	Santa_Fe	Intensa	Marco	Cabeceira	0	0	0	0	0	0	0	0	79	29	12	0	0	12	4	0	8	0	0	0	0	0	0	0	0	0	0	0	0	0	21	0	0	0	0	0	0	0	129	287	0	0	0	0	0	0	0	0	0	4	25	0	0	0	8	0	0	0	8	0	0	0	4	8	0	0	0	0	0	0
STF2M18	Santa_Fe	Intensa	Marco	Meio	0	0	0	0	0	0	0	0	66	6	12	0	0	36	0	0	0	0	3	0	0	0	0	0	0	0	0	0	0	0	60	3	0	0	0	0	33	0	30	145	0	6	0	0	0	0	0	0	0	0	9	0	0	0	0	0	0	0	0	3	0	0	42	0	3	0	0	0	9	0
STF3M18	Santa_Fe	Intensa	Marco	Foz	0	0	0	0	0	0	0	0	3	10	0	0	0	0	10	0	0	0	0	0	0	3	0	3	0	0	0	0	0	7	3	0	0	0	3	0	0	0	0	0	0	0	0	0	0	0	0	0	0	0	0	0	0	0	0	0	0	0	0	0	3	0	0	0	0	0	0	0	0	0
STF1J18	Santa_Fe	Intensa	Junho	Cabeceira	3	0	0	0	0	0	0	0	99	11	0	0	0	7	0	0	14	0	7	0	0	0	0	0	0	0	0	0	0	0	11	0	0	0	0	0	11	0	160	177	0	0	0	0	0	0	0	0	0	0	0	0	0	0	7	0	0	0	32	0	0	0	35	3	0	0	0	0	3	0
STF2J18	Santa_Fe	Intensa	Junho	Meio	0	2	0	0	0	0	0	0	27	0	0	0	0	20	0	0	0	0	0	0	0	0	0	0	0	0	0	0	0	0	25	5	0	2	2	0	35	2	64	30	0	2	0	0	0	0	0	0	0	0	7	0	0	5	2	0	0	0	0	10	0	0	35	0	0	0	0	0	7	0
STF3J18	Santa_Fe	Intensa	Junho	Foz	0	0	0	0	0	0	0	0	3	24	0	0	0	0	10	0	0	0	0	0	0	20	0	7	0	0	0	0	0	17	3	20	0	0	0	0	0	0	0	0	0	10	0	3	0	0	0	0	0	0	0	0	0	0	0	0	24	0	0	0	0	0	14	0	0	0	0	0	3	0
STF1S18	Santa_Fe	Intensa	Setembro	Cabeceira	4	0	0	0	0	0	0	0	68	20	32	0	0	24	0	0	12	0	8	0	0	0	0	0	0	0	0	0	0	0	28	0	0	0	0	0	4	0	360	372	0	0	0	0	0	0	0	0	0	0	0	0	0	0	4	0	0	0	12	0	0	0	52	24	0	0	0	0	4	0
STF2S18	Santa_Fe	Intensa	Setembro	Meio	3	0	0	0	0	0	0	0	161	54	27	0	0	6	3	0	0	0	0	0	0	0	0	0	0	0	0	0	0	0	9	3	0	0	0	0	3	0	0	30	0	3	0	0	0	0	0	0	0	0	3	0	0	3	0	0	0	0	0	12	0	0	51	0	0	0	0	0	12	0
STF3S18	Santa_Fe	Intensa	Setembro	Foz	0	0	0	0	0	0	0	0	0	36	0	0	0	0	16	0	0	0	0	0	0	0	0	3	0	0	0	0	0	10	13	3	0	0	0	0	6	0	0	3	0	0	0	20	0	0	0	0	0	0	6	0	0	0	0	0	6	0	0	0	10	0	3	0	10	0	6	0	3	0
TAP1D17	Tapera	Ausente	Dezembro	Cabeceira	5	0	0	0	0	0	0	0	189	16	5	0	21	21	47	0	0	0	37	0	0	0	0	0	5	0	0	0	0	0	10	10	0	0	5	0	16	0	0	0	0	47	0	0	0	0	0	0	0	42	0	0	0	0	0	0	26	0	21	0	0	0	37	0	5	0	0	0	0	0
TAP2D17	Tapera	Ausente	Dezembro	Meio	0	0	0	0	0	0	0	0	146	30	5	0	81	5	35	0	0	0	10	10	25	10	0	0	5	0	0	5	0	0	5	0	0	0	0	0	15	0	0	0	0	71	0	0	0	5	0	0	0	0	0	5	0	0	0	0	71	5	5	0	0	0	20	0	50	10	0	0	5	0
TAP3D17	Tapera	Ausente	Dezembro	Foz	0	0	0	0	0	0	0	0	46	4	0	0	8	0	4	0	0	0	4	4	8	29	0	8	0	0	0	0	0	0	8	4	0	0	0	0	21	0	0	0	0	50	0	0	0	0	0	4	0	0	0	4	0	0	0	0	4	0	8	0	0	0	17	0	0	0	0	0	0	0
TAP1M18	Tapera	Ausente	Marco	Cabeceira	5	0	0	0	0	14	0	0	80	42	5	0	76	0	118	0	0	0	5	5	10	0	0	5	5	0	0	0	0	0	33	0	14	5	0	0	19	0	0	0	0	52	0	0	0	0	0	0	0	19	0	0	0	10	0	0	28	0	0	0	0	0	5	0	33	0	0	0	19	0
TAP2M18	Tapera	Ausente	Marco	Meio	0	0	5	0	0	21	0	0	248	41	5	0	129	10	88	0	5	0	52	10	36	10	0	10	0	0	0	0	0	0	0	0	0	0	0	0	46	0	0	0	0	269	0	0	0	0	5	10	0	0	0	0	5	52	10	0	36	0	0	0	0	5	0	0	5	0	0	0	5	5
TAP3M18	Tapera	Ausente	Marco	Foz	0	0	0	0	0	0	0	0	48	22	0	0	56	4	39	0	0	0	4	17	9	4	0	13	0	0	0	9	0	0	13	0	0	0	0	0	4	0	0	0	0	96	0	0	17	0	0	0	0	13	0	4	0	4	0	0	0	0	0	0	0	0	30	0	4	0	0	0	4	0
TAP1J18	Tapera	Ausente	Junho	Cabeceira	4	0	0	0	0	0	0	0	129	36	4	0	105	12	105	4	4	0	12	0	20	0	0	12	0	0	0	0	0	0	20	0	12	0	0	0	32	0	0	0	0	77	0	0	0	0	0	0	12	0	0	0	28	4	12	0	16	0	0	0	0	0	8	0	0	0	0	0	4	0
TAP2J18	Tapera	Ausente	Junho	Meio	0	0	0	5	0	10	0	0	98	39	0	0	137	10	171	5	10	0	83	19	15	0	0	5	0	0	0	0	0	0	0	0	10	0	0	0	54	0	0	0	0	225	0	0	19	0	0	0	0	5	0	0	10	15	5	0	15	0	0	0	0	0	5	0	0	0	0	0	0	0
TAP3J18	Tapera	Ausente	Junho	Foz	5	0	0	0	0	0	0	0	30	20	5	0	30	0	56	0	0	0	5	5	0	10	0	15	0	0	5	0	0	0	15	10	5	0	0	0	0	0	0	0	0	76	0	0	5	0	0	0	0	0	0	0	0	5	0	0	0	0	0	0	0	0	25	0	0	0	0	0	0	0
TAP1S18	Tapera	Ausente	Setembro	Cabeceira	5	0	0	0	0	0	0	0	161	109	0	0	137	0	104	0	0	0	19	0	14	0	0	10	0	0	0	0	5	0	14	0	5	0	5	0	14	0	0	0	0	57	0	0	0	0	0	0	24	0	0	0	14	0	0	0	33	0	0	0	0	0	14	0	5	5	0	0	0	0
TAP2S18	Tapera	Ausente	Setembro	Meio	0	0	0	0	0	12	0	0	60	18	0	0	96	48	48	6	6	0	257	18	42	6	0	6	0	0	0	0	0	0	12	6	6	0	0	0	78	0	0	0	0	533	0	0	0	0	0	0	0	0	0	0	18	24	6	0	0	0	0	0	0	0	12	0	6	0	0	0	0	6
TAP3S18	Tapera	Ausente	Setembro	Foz	6	0	0	0	0	0	0	6	34	34	0	0	29	6	126	0	0	0	11	11	11	6	0	29	0	0	0	17	0	0	46	11	11	0	6	0	0	0	0	0	0	212	0	0	23	6	0	11	0	6	0	0	6	0	0	0	0	0	0	0	0	0	46	0	11	0	0	0	0	0
TAT1D17	Tatu	Intensa	Dezembro	Cabeceira	0	0	0	0	0	0	0	0	0	95	0	0	0	0	0	0	0	0	0	0	0	0	0	0	0	0	0	0	0	0	119	71	0	0	24	0	48	0	0	0	0	0	0	0	0	0	0	0	0	0	0	0	0	0	0	0	0	0	0	3309	0	0	0	0	0	0	0	0	0	0
TAT2D17	Tatu	Intensa	Dezembro	Meio	0	0	0	0	0	0	0	0	0	34	0	0	0	0	0	0	0	0	0	0	0	170	0	0	0	0	0	0	0	0	7	0	0	7	0	0	48	0	82	0	0	0	0	0	0	0	0	0	0	0	0	0	0	0	0	0	0	0	0	61	0	0	27	0	0	0	0	0	0	0
TAT3D17	Tatu	Intensa	Dezembro	Foz	0	0	0	0	0	0	0	0	0	48	0	0	0	0	0	0	0	0	0	0	0	41	0	21	0	0	0	0	0	0	41	0	0	0	0	0	14	0	0	0	0	0	0	0	0	0	0	0	0	0	0	0	0	0	0	0	0	0	0	0	0	0	14	0	0	0	0	0	0	0
TAT1M18	Tatu	Intensa	Marco	Cabeceira	0	0	0	0	0	0	0	0	0	71	0	0	0	0	0	0	0	0	0	0	0	0	0	0	0	0	0	0	0	0	53	0	0	0	0	0	160	0	0	0	0	0	0	0	0	0	0	0	0	0	0	0	0	0	0	0	0	0	0	5056	0	0	0	0	0	0	0	0	0	0
TAT2M18	Tatu	Intensa	Marco	Meio	0	0	0	0	0	0	0	0	0	14	0	0	0	0	0	0	0	0	0	0	0	115	0	0	0	0	0	0	0	0	5	0	0	14	9	0	18	0	0	0	0	0	0	0	0	0	0	0	0	0	5	0	0	0	0	0	0	0	0	5	0	0	0	0	0	0	0	0	0	0
TAT3M18	Tatu	Intensa	Marco	Foz	0	0	0	0	0	0	0	0	0	6	0	0	0	0	0	0	0	0	0	0	0	6	0	18	0	0	0	0	0	0	18	0	0	0	0	0	18	0	0	0	0	0	0	0	0	0	0	0	0	0	6	0	0	0	0	0	0	0	0	0	0	0	0	0	0	0	0	0	0	0
TAT1J18	Tatu	Intensa	Junho	Cabeceira	0	0	0	0	0	0	0	0	0	0	0	0	0	0	0	0	0	0	0	0	0	0	0	0	0	0	0	0	0	0	0	0	0	0	0	0	33	0	0	0	0	0	0	0	0	0	0	0	0	0	0	0	0	0	0	0	0	0	0	2604	0	0	0	0	0	0	0	0	0	0
TAT2J18	Tatu	Intensa	Junho	Meio	0	0	0	0	0	0	0	0	0	30	0	0	0	0	0	0	0	0	0	0	0	294	0	0	0	0	0	0	0	0	25	0	0	5	5	0	10	0	5	0	0	0	0	0	0	0	0	0	0	0	10	0	0	10	0	0	0	0	0	429	0	0	35	0	0	0	0	0	0	0
TAT3J18	Tatu	Intensa	Junho	Foz	13	0	0	0	0	0	0	0	0	33	0	0	0	0	0	0	0	0	0	0	0	46	0	13	0	0	6	0	0	0	52	59	0	0	13	0	6	0	6	0	0	0	0	0	0	0	0	0	0	0	13	0	0	0	0	0	0	0	0	0	0	0	46	0	0	0	0	0	13	0
TAT1S18	Tatu	Intensa	Setembro	Cabeceira	0	0	0	0	0	0	0	0	0	26	0	0	0	0	0	0	0	0	0	0	0	0	0	0	0	0	0	0	0	0	0	0	0	0	0	0	0	0	0	0	0	0	0	0	0	0	0	0	0	0	0	0	0	0	0	0	0	0	0	850	0	0	0	0	0	0	0	0	0	0
TAT2S18	Tatu	Intensa	Setembro	Meio	0	0	0	0	0	0	0	0	0	10	0	0	0	0	0	0	0	0	0	0	0	141	0	0	0	0	0	0	0	0	5	0	0	0	0	0	15	0	0	0	0	0	0	0	0	0	0	0	0	0	0	0	0	0	0	0	0	0	0	10	0	0	35	0	0	0	0	0	0	0
TAT3S18	Tatu	Intensa	Setembro	Foz	0	0	0	0	0	0	0	0	0	53	0	0	0	0	0	0	0	0	0	0	0	20	0	13	0	0	0	0	0	0	13	13	0	0	0	0	13	0	0	0	0	0	0	0	0	0	0	0	0	0	0	0	0	0	0	0	0	0	0	0	0	0	20	0	0	0	0	0	0	0
TRM1D17	Taquari	Ausente	Dezembro	Cabeceira	13	0	0	0	0	0	0	0	77	245	0	0	0	0	258	0	13	0	0	0	0	529	0	13	0	0	0	0	0	0	64	52	64	26	0	0	64	0	0	0	0	26	0	0	0	0	0	0	0	13	0	0	0	0	0	0	26	0	0	0	0	0	258	0	39	0	0	0	64	0
TRM2D17	Taquari	Ausente	Dezembro	Meio	6	0	0	17	6	17	0	0	112	140	22	0	90	0	11	0	0	0	28	0	6	0	0	0	0	0	0	0	0	0	22	28	28	0	0	0	17	0	0	0	0	106	6	0	0	0	0	0	0	0	0	0	0	0	0	0	84	0	0	0	0	0	50	0	0	0	0	6	6	0
TRM3D17	Taquari	Ausente	Dezembro	Foz	0	0	0	0	12	6	0	0	0	18	0	0	1378	0	190	0	0	0	0	0	12	37	0	12	0	0	0	18	0	0	12	12	6	0	0	0	31	0	0	0	0	367	0	0	0	116	0	6	0	0	0	0	0	0	0	0	0	0	6	0	0	0	0	0	67	0	0	6	0	0
TRM1M18	Taquari	Ausente	Marco	Cabeceira	38	0	0	0	0	0	0	0	0	50	0	0	0	0	214	0	13	0	0	0	0	0	0	25	0	0	13	0	0	0	88	13	38	13	13	0	101	0	0	0	0	0	0	0	0	13	0	0	0	25	0	0	0	0	0	0	13	0	0	0	0	0	151	0	113	0	0	0	139	0
TRM2M18	Taquari	Ausente	Marco	Meio	0	0	0	33	0	150	0	0	100	55	0	0	83	0	5	0	0	0	28	0	5	0	0	5	0	0	0	0	0	0	0	0	5	0	0	0	28	0	0	0	0	111	0	0	0	0	0	5	0	0	0	0	0	0	5	0	50	0	0	0	5	0	5	0	0	0	5	0	17	0
TRM3M18	Taquari	Ausente	Marco	Foz	0	0	0	19	0	82	0	0	13	56	6	0	986	0	88	0	0	0	31	0	270	19	0	6	0	0	0	31	0	0	63	6	6	0	0	0	75	0	0	0	0	289	0	0	0	6	0	6	0	0	0	0	0	0	0	0	82	0	0	0	0	0	0	0	6	0	13	0	0	0
TRM1J18	Taquari	Ausente	Junho	Cabeceira	10	0	0	0	0	0	0	0	0	0	0	0	0	0	150	0	0	0	0	0	0	60	0	30	0	30	0	0	0	0	190	10	40	0	10	0	60	0	0	0	0	30	0	0	0	0	0	0	0	10	0	0	0	0	0	0	0	0	0	0	0	0	180	0	0	0	0	0	20	0
TRM2J18	Taquari	Ausente	Junho	Meio	0	0	0	9	0	64	5	0	147	101	5	0	55	0	41	0	0	0	37	0	5	0	0	0	5	0	0	0	0	0	14	9	27	0	0	0	5	0	0	0	0	115	0	0	0	0	0	5	0	0	0	0	0	0	0	0	46	0	0	0	5	0	27	0	0	0	9	18	5	0
TRM3J18	Taquari	Ausente	Junho	Foz	0	0	0	6	0	39	0	0	0	32	6	0	45	0	90	0	0	6	19	0	244	6	0	13	0	0	0	13	0	0	32	0	0	0	0	0	45	0	0	0	0	399	0	0	0	0	0	0	0	0	0	0	0	0	6	0	19	0	0	0	0	0	13	0	0	0	26	0	0	0
TRM1S18	Taquari	Ausente	Setembro	Cabeceira	13	0	0	0	0	0	0	0	13	13	0	0	0	0	627	0	0	0	0	0	0	0	0	26	0	0	0	0	0	0	38	13	13	0	0	0	13	0	0	0	0	26	0	0	0	0	0	0	0	26	0	0	0	0	0	0	0	0	0	0	0	0	64	0	358	0	0	0	89	0
TRM2S18	Taquari	Ausente	Setembro	Meio	0	0	0	0	0	65	0	0	124	459	16	0	22	0	43	5	0	0	32	0	5	0	0	0	0	0	0	0	0	0	11	5	0	0	0	0	16	0	0	0	0	119	11	0	0	0	0	0	0	0	0	0	0	0	0	0	65	0	16	0	0	0	22	0	0	0	5	0	11	0
TRM3S18	Taquari	Ausente	Setembro	Foz	0	0	0	4	0	0	0	0	0	22	0	0	27	0	81	9	0	0	0	0	103	9	0	0	0	0	4	9	0	0	22	0	0	0	0	0	9	0	0	0	0	103	4	0	0	0	0	0	0	0	0	0	90	0	0	0	22	0	0	0	0	0	9	0	4	0	0	0	0	0
